841 2123
2640 1653
3420 1612
1664 1468
6689 1297
4632 1237
3005 1215
6296 1091
1666 1068
5186 1054
2030 1006
3858 1002
4761 994
4494 989
4735 984
5552 974
879 960
4635 879
5891 875
3282 855
2031 818
5185 806
3350 800
89 794
4627 784
6659 783
4143 782
4941 768
5896 754
4093 749
847 720
4442 660
4247 651
6662 633
4196 630
3534 590
6785 589
6881 588
238 575
4942 569
893 545
2703 544
1580 542
4205 542
5386 532
6880 532
2719 529
1433 522
2000 516
894 505
6078 497
1655 495
4497 495
6661 483
4736 476
2654 468
2013 460
3998 460
6660 456
4116 451
6767 450
2275 448
4194 446
3472 444
5244 439
5167 438
2032 436
6299 434
1467 427
987 423
116 417
5840 406
989 406
3422 404
6284 403
4738 401
2227 400
3902 398
6061 397
644 397
3676 394
1516 392
4874 392
6705 387
5960 385
3096 384
5487 383
2756 380
40 380
6319 378
1334 377
3757 376
5017 376
3929 373
2716 371
4908 370
990 370
6837 368
6333 367
3458 366
5914 366
6664 366
5049 364
5571 363
3507 363
992 363
3936 363
5528 361
2082 361
3299 359
4634 357
5545 357
2965 354
3310 353
237 353
3916 350
5955 348
4926 348
1850 346
3123 345
2838 343
1980 342
2907 342
3665 341
3889 339
2582 339
1096 339
4546 339
6828 338
4579 338
240 338
4340 336
4451 336
3903 335
391 334
3070 334
3671 334
88 334
2318 334
6714 333
4686 332
6562 332
6584 331
735 331
5187 331
2093 331
1951 331
4004 331
4945 331
5890 331
225 331
4149 331
6067 331
4285 331
737 331
866 331
869 331
738 331
848 331
4258 328
6745 328
3558 324
3295 323
463 322
1663 322
1124 322
3344 322
4452 320
4264 320
2403 319
6618 316
500 315
6521 315
4204 313
3696 312
1106 311
3317 311
3827 310
3754 310
6543 310
4185 306
6423 304
621 304
2758 301
5534 300
870 300
4631 299
4155 296
5009 295
5987 294
2522 294
3301 293
2021 293
4005 291
3506 290
2492 290
3498 289
4804 288
4268 288
1296 285
1000 284
5051 283
4073 283
3750 282
3580 282
6252 281
1030 280
5025 279
1186 278
4625 277
1587 277
3276 276
3389 275
5659 275
5143 274
6824 274
6150 274
441 273
6761 271
3384 271
397 270
2409 268
2352 268
5555 268
6760 267
4092 266
652 266
338 265
4914 264
3695 264
6903 263
3283 263
1084 262
3752 261
6711 261
5792 259
5173 259
2269 258
3821 257
3012 257
1311 257
1317 254
3874 252
2657 252
6757 251
1206 251
3849 250
4262 250
2554 250
2356 249
3630 249
6867 249
6454 249
3660 248
1575 246
6261 244
3753 244
6887 244
5551 243
3519 243
634 243
2215 243
3608 242
1374 242
4589 241
6663 241
1031 239
4585 238
5909 237
5885 235
6421 234
5236 234
2795 234
871 233
6157 233
2460 233
6151 232
2022 231
2978 230
4178 230
6448 229
883 228
3897 228
1837 227
6438 226
5666 226
4685 224
3616 223
444 223
1630 223
1740 223
5587 222
3535 222
1135 221
2815 221
5286 220
1518 218
6622 217
175 217
1297 217
691 217
1348 216
5764 216
2919 215
1079 215
1605 215
5517 214
6884 213
3170 213
6429 212
3939 211
4785 211
1024 211
4957 210
6081 210
3995 210
2559 210
2794 210
5469 210
1674 209
453 209
5823 208
1849 208
922 208
996 208
5738 207
307 207
2576 207
2632 205
5200 205
4014 204
2706 204
4035 202
5765 202
543 202
5156 202
103 202
3774 201
3424 201
3442 199
4317 199
4747 199
4169 198
1898 198
4599 197
4417 196
1958 196
1403 196
6486 195
5944 194
2220 194
2543 193
6062 193
5120 192
3883 192
5256 192
3613 192
2759 192
2494 191
1215 190
3231 190
5810 189
912 189
2953 189
1064 189
4930 189
971 189
3141 189
2383 189
2362 188
387 188
6237 188
555 187
4150 187
4858 186
1571 186
2897 186
6224 185
3703 185
5408 184
2600 184
3776 184
6707 184
5582 184
4570 183
6851 183
2181 183
5643 183
2943 182
3688 182
6204 182
5525 181
4095 181
6894 181
2884 181
1439 180
1601 180
3435 180
6798 180
3536 180
3219 179
5036 179
1051 178
2218 178
2678 178
5657 177
1593 176
4737 176
1367 176
3004 176
512 175
1120 175
2944 175
1553 174
3591 173
5782 173
445 173
2378 173
2900 173
5575 173
75 173
2404 171
5831 171
3346 171
2309 170
4679 170
2498 170
5691 169
3593 169
5168 169
6135 169
3047 168
3632 168
6741 168
2594 168
4791 168
2876 167
6822 167
6434 167
772 167
5951 166
6387 166
2806 166
5461 166
6844 166
4662 164
5656 164
6343 163
5072 163
2832 162
6451 161
1642 161
6282 161
76 161
1524 160
3537 160
3584 160
57 160
4472 159
3390 159
2865 159
2470 159
1743 159
1069 158
2478 158
2880 158
2125 157
3332 157
6325 157
1774 157
4956 157
6182 157
6674 157
3011 157
1562 157
3923 156
163 156
61 156
3238 155
557 155
2286 155
6831 155
3649 154
5299 154
3917 154
1681 154
5686 154
5336 154
6321 153
1093 152
6190 152
3341 151
5565 151
6686 150
354 150
3461 150
5967 150
1582 149
6357 149
3539 149
3137 148
2868 148
1978 148
4658 148
6613 147
5706 147
4865 147
1911 146
1280 146
339 146
4393 146
90 146
504 145
983 145
5867 145
3991 145
541 145
6799 144
4569 144
3385 144
5613 143
4168 142
5122 142
2298 142
1436 142
5020 141
6527 141
3912 141
4520 141
5062 141
667 141
6869 141
1250 141
4433 141
2300 141
1752 140
2015 140
1038 140
6847 140
2088 139
5695 139
1520 139
108 139
3677 139
5230 139
5561 139
2879 139
1495 138
5769 138
6403 138
6742 137
3692 137
375 137
5100 136
1996 136
2563 136
4521 135
5828 134
6636 134
351 134
6265 134
2529 134
2814 134
4324 134
678 134
3348 134
5725 134
5039 134
5269 133
3308 133
4786 133
3322 133
3538 133
1173 133
1414 132
620 132
276 132
1443 132
6004 132
5678 132
2614 132
5843 131
5135 131
849 131
6315 131
3786 131
3187 130
6142 130
3060 130
4281 130
4753 130
4434 129
1140 129
527 129
6223 129
1662 129
5241 129
2920 129
3002 129
6732 129
5894 128
6361 128
3433 128
1992 128
4592 128
316 128
4489 128
3956 128
4187 128
6226 128
1199 128
2825 128
997 127
1874 127
5877 127
3976 127
4231 127
1585 127
5886 127
2176 127
6517 127
3873 127
1231 126
3284 126
3864 126
3552 126
6098 126
6225 126
2854 126
3229 126
3243 125
3913 125
5445 124
4248 124
2386 124
3556 124
5790 124
6107 123
5171 123
4117 123
2501 123
4254 122
1417 122
3778 122
3015 121
284 121
6255 121
5365 121
3120 120
622 120
4492 120
4296 120
5671 120
1058 120
3073 120
580 120
1805 120
707 119
5435 119
5012 119
213 119
813 119
1350 119
5887 119
5829 118
2046 118
1090 118
4624 118
6834 118
3272 118
960 118
2335 117
5558 117
4443 117
3914 116
1447 116
5119 116
3133 116
1277 116
4811 116
5956 116
5412 115
4568 115
2762 115
3236 115
6256 115
720 114
4604 114
6736 114
4509 114
753 114
873 114
1532 114
1622 113
3260 113
5943 113
6621 113
5474 113
6266 113
6251 113
464 113
3865 113
1086 113
1776 113
1854 113
6892 113
4644 113
868 112
4498 112
1600 112
2097 112
4734 112
3885 112
5604 112
5220 111
4470 111
5970 111
3034 111
2144 111
4186 111
6874 110
3611 110
4301 110
2422 110
253 110
3806 110
4968 110
5574 110
935 110
872 109
3828 109
5014 109
4291 109
1755 109
434 109
2353 108
2833 108
2341 108
3448 108
5138 108
4479 107
4326 107
1719 107
2712 107
3036 107
1342 107
2028 107
6347 107
9 106
5791 106
5183 106
241 106
2533 106
793 106
4759 106
6029 106
2175 106
4611 105
750 105
3239 105
1487 105
5808 104
3474 104
3651 104
4444 104
4742 104
4395 104
2903 104
6496 104
3993 104
4307 104
1168 103
2633 103
5172 103
2901 103
1401 103
5027 103
5378 103
119 103
2345 103
4560 103
3560 103
6896 102
6720 102
248 102
6879 102
6058 102
583 102
934 102
6672 102
4298 102
6220 102
4779 102
4293 101
3727 101
4860 101
6253 101
1959 101
6219 101
6444 100
5648 100
5721 100
3031 100
78 100
807 100
5883 100
2779 100
6115 100
5578 99
569 99
4932 99
2686 99
3396 99
6328 99
3405 98
4953 98
3018 98
4272 97
3078 97
1042 97
1988 97
1865 97
1422 97
855 97
4413 97
382 97
355 97
4581 97
4884 96
3990 96
364 96
2005 96
1127 96
5518 96
1316 96
4623 96
3025 96
6688 96
3088 96
4808 96
4758 96
1009 96
5758 95
6715 95
1521 95
2581 95
6352 95
2627 95
4136 95
80 95
1773 95
1416 95
1123 95
1258 95
675 95
3394 95
4910 95
2388 94
6836 94
6866 94
1001 94
3121 94
1217 94
4505 94
2205 94
1772 94
2291 93
3084 93
5314 93
79 93
6817 93
5015 93
3410 92
5805 92
6170 92
6635 92
4037 92
157 92
744 92
2764 92
2836 92
5834 92
2289 91
3807 91
1930 91
3794 91
6802 91
477 91
5003 91
2711 91
4959 91
6846 91
329 91
4414 91
1365 90
1241 90
62 90
438 90
1446 90
374 90
4669 90
208 90
2605 90
5690 90
1011 90
1420 90
3446 90
1766 90
979 90
3501 89
3129 89
4851 89
3636 89
2095 89
1219 89
5347 89
929 88
1529 88
5870 88
6644 88
3447 88
334 88
1423 88
6009 88
2008 88
3122 88
6205 88
5576 88
2087 88
5703 88
3697 88
3971 88
1177 88
1180 88
2742 88
5895 88
3522 87
2610 87
6597 87
951 87
456 87
2479 87
6288 87
2858 87
4949 87
4687 87
5053 87
5384 87
2016 87
4994 86
626 86
4894 86
4991 86
582 86
1379 86
4640 86
646 86
170 86
510 86
1546 86
1990 85
1349 85
3682 85
6601 85
5304 85
3554 85
23 85
235 85
687 85
21 85
4020 85
4236 85
4824 85
2597 85
352 84
5880 84
2308 84
5583 84
4303 84
4483 84
3938 84
4145 84
5442 84
6865 84
2557 84
1298 84
5482 84
151 84
4962 84
6085 83
6432 83
1028 83
478 83
5794 83
3900 83
6721 83
2504 83
2834 83
1935 83
812 83
1940 83
3339 83
640 83
246 83
6088 83
33 83
2584 83
5221 82
4046 82
3968 82
3707 82
5553 82
4921 82
5924 82
2518 82
1595 82
1715 82
4441 81
2595 81
6861 81
1082 81
6183 81
2173 81
3549 81
2406 81
6453 81
215 81
1971 81
4473 81
6633 81
6769 81
2011 81
5631 80
470 80
5271 80
6089 80
6776 80
1208 80
3877 80
842 80
1312 80
6359 80
2768 80
3434 80
4591 79
1597 79
973 79
4084 79
1116 79
1555 79
2493 79
3416 79
603 79
1468 79
1913 78
3837 78
3454 78
4989 78
6405 78
709 78
5233 78
1081 78
1890 78
4212 78
1838 78
4036 77
3693 77
671 77
3605 77
2280 77
2975 77
5577 77
2155 77
4630 77
4255 77
6529 76
6546 76
3233 76
6031 76
6716 76
6738 76
2274 76
5516 76
5658 76
6572 76
1875 76
3934 76
1432 76
1569 76
2590 76
1941 76
6082 76
1589 76
6079 75
6843 75
2427 75
1535 75
3264 75
3130 75
4044 75
2984 75
5536 75
5088 75
4861 75
6 75
2641 75
742 75
4727 74
4628 74
6355 74
3708 74
3973 74
1257 74
4931 74
2704 74
5878 74
1769 74
2683 74
2544 74
3908 74
6177 74
5011 74
683 74
4549 74
1567 73
3717 73
5523 73
72 73
4446 73
4082 73
3254 73
6626 73
2001 73
360 73
3367 73
4961 73
5882 73
3550 73
3285 73
3477 73
6838 73
3953 72
5788 72
3581 72
5260 72
4812 72
6581 72
1104 72
4337 72
4661 72
2271 72
3142 72
5170 72
4299 72
3735 72
136 72
4565 72
5448 72
3984 71
4523 71
3789 71
3166 71
1886 71
4881 71
2912 71
2955 71
4878 71
4083 71
6039 71
599 71
5841 71
1101 71
4754 71
3870 71
1747 71
4815 71
6051 71
6263 71
6119 70
4885 70
5557 70
5681 70
723 70
6471 70
3741 70
2893 70
5705 70
4756 70
2372 70
5972 70
3214 70
6651 70
4674 70
1287 69
6518 69
2665 69
593 69
3173 69
6606 69
1538 69
222 69
1619 69
2390 69
2086 69
586 69
145 69
6701 69
4260 69
1259 69
2128 69
6796 68
461 68
4188 68
4771 68
4912 68
5932 68
6852 68
1282 68
2890 68
5907 68
954 68
6455 68
6566 68
2150 68
2689 68
5457 68
5854 68
77 68
4201 67
939 67
5624 67
49 67
4774 67
739 67
5337 67
5316 67
3168 67
3437 67
4866 67
2926 67
1444 67
2234 67
1627 67
5307 67
2129 66
6820 66
402 66
5162 66
5432 66
1550 66
6046 66
3421 66
3160 66
5799 66
4133 66
4420 66
938 66
1205 66
2891 66
5787 66
726 66
5320 66
3761 66
6754 65
3940 65
2419 65
3645 65
4993 65
270 65
3230 65
3886 65
933 65
150 65
5159 65
6854 65
5535 65
1482 65
4561 65
4009 65
2191 65
4904 65
5190 65
2304 65
2991 65
6291 65
5130 65
878 65
2232 65
5376 65
4665 64
4601 64
4300 64
1488 64
3523 64
6006 64
63 64
4763 64
3652 64
3082 64
3375 64
4086 64
1389 64
1651 64
1952 64
5651 64
6276 64
5283 64
6864 64
1091 64
2904 64
514 64
6722 64
4271 63
4106 63
3585 63
619 63
6666 63
3946 63
6244 63
908 63
2887 63
3300 63
6206 63
1611 63
6334 63
6841 63
5360 63
5495 63
3117 63
28 63
4502 63
6047 63
6619 63
5897 62
4016 62
1239 62
5388 62
4146 62
6232 62
2089 62
4480 62
264 62
905 62
1121 62
1656 62
6558 62
2033 62
5622 62
4672 62
756 62
4524 62
3925 62
5194 62
6148 61
3003 61
2268 61
2263 61
1541 61
6099 61
6414 61
892 61
2321 61
5010 61
4198 61
4259 61
314 61
147 61
587 61
3625 61
4726 61
1645 61
1187 61
2278 60
4147 60
673 60
5094 60
2655 60
1787 60
2023 60
4646 60
5806 60
6891 60
5676 60
4680 60
4867 60
926 60
610 60
4810 60
2881 60
617 60
3497 60
3819 60
3951 60
4833 60
1133 60
5234 60
5300 60
3066 60
5308 60
1586 60
4453 60
1359 60
1606 60
3366 59
277 59
24 59
69 59
1704 59
6681 59
3100 59
4749 59
1725 59
1466 59
3412 59
1501 59
5667 59
2870 59
158 59
1632 59
3730 59
4526 58
695 58
2255 58
604 58
4776 58
168 58
2728 58
4552 58
2638 58
5963 58
2874 58
1099 58
2743 58
5511 58
3153 58
6228 58
5988 58
5980 58
356 58
6290 57
5559 57
3316 57
6171 57
592 57
3245 57
4311 57
952 57
1594 57
942 57
3354 57
1325 57
3850 57
5103 57
5902 57
3701 57
3809 57
2331 57
442 57
4937 57
2363 57
5889 57
5531 56
689 56
189 56
5176 56
5004 56
1052 56
5409 56
5513 56
2267 56
138 56
2337 56
2451 56
2983 56
5225 56
5776 56
1207 56
4666 56
495 56
6367 56
3852 56
4332 56
204 56
827 56
913 56
2162 56
2701 56
1542 55
3743 55
2392 55
1324 55
2410 55
3327 55
3639 55
5213 55
3896 55
3724 55
1212 55
6487 55
2375 55
4321 55
4706 55
4410 55
6101 55
369 55
3444 55
1881 55
4068 55
1032 55
3517 55
1900 55
2817 55
2720 55
4886 55
497 54
1188 54
3500 54
2801 54
4683 54
3244 54
518 54
6744 54
786 54
4286 54
5851 54
426 54
312 54
373 54
3403 54
2178 54
5252 54
3814 54
1643 54
2370 54
1053 54
6364 54
6658 54
2210 54
6134 54
882 54
4075 54
5471 54
6222 54
95 54
3967 54
3526 54
38 54
227 54
1216 54
6268 54
2580 54
3527 54
308 53
4907 53
2219 53
5023 53
6156 53
5280 53
2971 53
2592 53
2325 53
281 53
1154 53
4722 53
5096 53
1615 53
6003 53
6772 53
815 52
1726 52
982 52
2822 52
6407 52
3489 52
2552 52
5224 52
68 52
5113 52
998 52
5420 52
5383 52
4394 52
4096 52
2915 52
5879 52
2391 52
6158 52
3370 52
2745 52
1484 52
5818 52
966 52
2520 52
2084 52
3261 52
3503 52
2456 52
1987 52
571 51
4636 51
5993 51
2270 51
498 51
1873 51
1056 51
11 51
3847 51
6110 51
2998 51
3157 51
1802 51
1088 51
5142 51
5727 51
3569 51
6287 51
5815 51
335 51
4139 51
2307 51
1745 51
801 51
6090 51
1144 51
4859 51
5174 51
3374 51
3594 51
1477 51
1844 51
508 51
2921 50
443 50
1204 50
2471 50
3138 50
120 50
1675 50
3562 50
1002 50
1035 50
5007 50
3334 50
6399 50
4203 50
3941 50
6144 50
2808 50
3964 50
2260 50
3860 50
5735 50
448 50
5099 50
4909 50
2339 50
6086 50
449 50
2956 50
2702 50
2344 50
3413 50
1475 50
5180 49
513 49
4842 49
4048 49
4822 49
106 49
2608 49
3056 49
670 49
2107 49
3634 49
2423 49
6209 49
3259 49
2782 49
2450 49
4284 49
268 49
679 49
4892 49
1707 49
901 49
1283 49
1504 49
1126 49
1290 48
3610 48
777 48
6784 48
1896 48
5950 48
6643 48
3365 48
3714 48
811 48
2118 48
5937 48
67 48
3202 48
3687 48
6695 48
4586 48
2006 48
2738 48
2396 48
5326 48
255 48
5343 48
1361 48
1057 48
2523 48
4342 48
1146 48
5285 48
1572 48
4253 48
2294 48
4333 47
2949 47
3826 47
2869 47
126 47
6376 47
1016 47
549 47
566 47
2484 47
1078 47
3861 47
3799 47
3050 47
5310 47
4828 47
6589 47
4101 47
853 47
5084 47
5359 47
5106 47
6093 47
2894 47
6803 47
5032 47
2718 47
4905 47
1406 47
3982 47
4174 47
1092 47
5913 47
676 47
6463 47
6048 47
1407 47
1429 46
5739 46
1221 46
1712 46
5741 46
2599 46
559 46
2431 46
5115 46
6201 46
780 46
4854 46
388 46
267 46
4180 46
3355 46
5499 46
1351 46
5226 46
6338 46
4534 46
1861 46
6600 46
1141 46
6248 46
5708 46
4273 46
4745 46
4263 46
6771 46
2695 46
542 46
4023 46
2202 46
3499 46
6790 46
4142 46
1693 46
5822 46
3744 46
976 45
5992 45
6259 45
1087 45
1276 45
5391 45
699 45
5572 45
3589 45
2092 45
4319 45
2433 45
6758 45
3358 45
2930 45
3205 45
5663 45
3079 45
3716 45
2135 45
1384 45
4633 45
2252 45
6083 45
287 45
1153 45
298 45
5856 45
3378 44
6080 44
3999 44
6656 44
5601 44
734 44
4137 44
5759 44
3106 44
2305 44
862 44
5035 44
1248 44
6346 44
3132 44
5989 44
2292 44
6214 44
5579 44
5112 44
923 44
429 44
5593 44
1753 44
4978 44
66 44
4302 44
4862 44
2979 44
1308 44
5125 44
185 44
2116 44
4160 44
2951 44
25 44
3237 44
2936 44
3563 44
4827 43
525 43
6350 43
5911 43
4042 43
5941 43
5414 43
2761 43
2539 43
1264 43
1733 43
1946 43
4974 43
342 43
1939 43
547 43
365 43
4230 43
5893 43
6520 43
584 43
2964 43
2411 43
6053 43
2094 43
127 43
6605 43
1155 43
1621 43
5193 43
5257 43
2420 43
4455 43
6564 43
117 43
5998 43
6781 43
4584 43
2183 42
3566 42
4637 42
5177 42
5415 42
2196 42
3212 42
128 42
1376 42
6551 42
6112 42
4485 42
1652 42
3175 42
4328 42
3691 42
2231 42
3835 42
645 42
1418 42
2413 42
1010 42
2007 42
44 42
5814 42
3583 42
6271 42
2917 42
2017 42
6102 42
2026 42
1303 42
3760 42
1040 42
1097 42
4563 42
1340 42
2726 42
6603 42
357 42
324 42
1921 42
5679 42
5079 42
4825 42
4938 42
3627 42
2285 41
4063 41
3742 41
1470 41
4899 41
2249 41
4863 41
3154 41
1434 41
4261 41
773 41
2873 41
2871 41
2941 41
1936 41
2589 41
4705 41
3988 41
2946 41
3353 41
2101 41
4313 41
2968 41
1912 41
910 41
3516 41
2405 41
2820 41
3174 41
1493 41
2290 41
3453 41
5965 41
5743 41
149 41
31 41
5400 41
6197 41
5760 41
5824 41
404 41
5564 41
275 41
5925 41
6815 41
6756 41
5785 41
6901 41
468 41
46 41
5869 41
677 40
4853 40
2564 40
5446 40
5589 40
296 40
3796 40
6295 40
1266 40
560 40
1449 40
5184 40
5628 40
2188 40
6264 40
906 40
2299 40
5485 40
6616 40
1371 40
6136 40
1694 40
5747 40
5971 40
4709 40
2238 40
194 40
5466 40
6213 40
1705 40
6057 40
1700 40
1679 39
4354 39
3211 39
3234 39
1677 39
2624 39
2619 39
6050 39
174 39
629 39
4369 39
4757 39
5464 39
2226 39
3986 39
2365 39
5490 39
4803 39
486 39
5209 39
4913 39
3116 39
955 39
6905 39
1400 39
1748 39
5366 39
1893 39
4243 39
1256 39
5137 39
585 39
6308 39
306 39
1182 39
708 39
1129 39
1448 39
4928 39
6370 39
5147 39
6586 39
1882 39
4171 39
795 39
4159 39
4448 38
3293 38
412 38
3185 38
3313 38
3077 38
2467 38
4314 38
425 38
4793 38
3052 38
2947 38
4555 38
1344 38
140 38
2699 38
672 38
3893 38
3812 38
6329 38
3791 38
2585 38
5684 38
6042 38
2528 38
6246 38
6221 38
3279 38
1343 38
2931 38
4713 38
828 38
5881 38
1633 38
3510 38
2119 38
5294 38
1702 38
5470 38
5920 38
2130 38
4972 38
6800 38
6675 38
15 38
361 38
5952 38
5342 38
3386 38
4511 38
4295 38
2287 38
5874 38
5191 38
5475 38
6611 38
398 38
4318 38
4058 38
2072 38
1797 38
3429 37
3171 37
4099 37
167 37
1273 37
1523 37
2848 37
205 37
1479 37
6331 37
6068 37
184 37
4191 37
2617 37
60 37
4723 37
3825 37
1125 37
6378 37
2757 37
4056 37
5158 37
2185 37
5957 37
5763 37
2437 37
2440 37
1845 37
1372 37
6883 37
2399 37
4074 37
4597 37
2366 37
6697 37
4026 37
4275 37
688 37
6470 37
200 37
4387 37
1816 37
4034 37
3528 37
3854 36
6160 36
1780 36
2994 36
51 36
3172 36
1354 36
1778 36
216 36
6839 36
3093 36
2019 36
4939 36
5702 36
3802 36
1412 36
2909 36
988 36
20 36
4052 36
336 36
4703 36
1238 36
902 36
5043 36
4109 36
6708 36
6713 36
6515 36
6000 36
5016 36
490 36
4140 36
1544 36
2288 36
109 36
2348 36
2369 36
6617 35
3620 35
3772 35
6465 35
325 35
1302 35
4085 35
4900 35
4556 35
3520 35
1869 35
529 35
3452 35
950 35
2959 35
1060 35
6017 35
134 35
5982 35
2679 35
1375 35
4280 35
6173 35
766 35
4012 35
1358 35
3680 35
6638 35
6826 35
6388 35
2732 35
186 35
5592 35
1128 35
6717 35
1428 35
2606 35
4189 35
311 35
2090 35
2783 35
787 35
4583 35
3131 35
2673 35
71 35
4588 35
55 35
3124 35
1480 35
2684 35
6109 35
2561 35
2715 35
1329 34
6064 34
3391 34
3071 34
1274 34
1318 34
3379 34
1275 34
3222 34
5151 34
3633 34
379 34
3423 34
5802 34
4495 34
5875 34
3369 34
5207 34
6052 34
1377 34
4500 34
2100 34
1005 34
4839 34
4691 34
6377 34
4126 34
2153 34
2157 34
1491 34
4097 34
779 34
2656 34
4823 34
5064 34
1517 34
774 34
694 34
4375 34
5024 34
6544 34
6542 34
155 34
3944 34
3952 34
6498 34
3803 34
6506 34
6792 34
5353 34
3694 34
5379 34
4951 34
5382 34
4848 34
262 34
1786 34
6775 34
1804 34
2841 34
232 34
4856 34
2081 34
1770 34
1591 33
4772 33
2426 33
6885 33
4769 33
3980 33
6734 33
6811 33
1985 33
5197 33
931 33
2057 33
5863 33
5189 33
4206 33
5042 33
3975 33
5090 33
3955 33
1435 33
6304 33
3782 33
5675 33
3759 33
820 33
1161 33
1197 33
260 33
3624 33
3107 33
3626 33
4639 33
5722 33
4605 33
1393 33
3684 33
6172 33
3151 33
5773 33
6041 33
3037 33
5253 33
3866 33
3882 33
4708 33
1496 33
6473 33
494 33
5050 33
647 33
5057 33
1554 33
5087 33
3600 32
3553 32
4330 32
3681 32
1237 32
3582 32
3985 32
3483 32
524 32
4200 32
5580 32
4080 32
5757 32
359 32
1240 32
1424 32
2342 32
5026 32
2395 32
2397 32
2412 32
1577 32
5038 32
2500 32
2503 32
2534 32
2572 32
5066 32
2642 32
2652 32
2658 32
4701 32
1476 32
5074 32
6345 32
217 32
218 32
2334 32
1623 32
2311 32
1991 32
4919 32
1843 32
4933 32
1872 32
1885 32
6862 32
1922 32
6819 32
1732 32
2048 32
4801 32
4977 32
2074 32
6749 32
2111 32
700 32
4992 32
2164 32
1639 32
2228 32
6330 32
2558 32
285 32
1345 32
6049 32
3425 32
3008 32
6164 32
6084 32
6015 32
4617 32
2999 32
3095 32
6007 32
3588 31
526 31
724 31
4397 31
4794 31
5136 31
3395 31
452 31
1919 31
5845 31
5289 31
1271 31
3103 31
1190 31
4257 31
1548 31
4834 31
5418 31
3542 31
5169 31
1003 31
5423 31
48 31
1007 31
4835 31
4114 31
2259 31
858 31
2142 31
2149 31
3559 31
1214 31
2172 31
4958 31
5163 31
97 31
4173 31
5546 31
6279 31
1399 31
2769 31
447 31
2789 31
2809 31
2816 31
4936 31
5670 31
4438 31
5639 31
3780 31
2872 31
5208 31
6227 31
3431 31
6211 31
2963 31
1163 31
639 31
5114 31
3650 31
3028 31
1185 31
5584 31
6416 31
5600 31
5192 31
1242 31
3898 31
1364 31
5549 31
5070 31
5128 31
6374 31
6466 31
6904 30
576 30
4297 30
1289 30
1695 30
991 30
6857 30
5915 30
6870 30
5377 30
30 30
4202 30
5387 30
1731 30
5354 30
3713 30
6585 30
2055 30
2108 30
6210 30
3755 30
3758 30
2878 30
6269 30
3704 30
2774 30
3831 30
1465 30
1368 30
5543 30
1352 30
3963 30
3970 30
3979 30
1076 30
3109 30
6556 30
2364 30
4030 30
3146 30
6055 30
5476 30
2247 30
3273 30
2213 30
2199 30
4113 30
3297 30
5311 30
1806 30
4695 30
4535 30
4934 30
5077 30
4577 30
4784 30
5092 30
4987 30
5157 30
4721 30
5178 30
5238 30
874 30
857 30
4775 30
4424 30
4533 30
4350 30
4629 30
1267 29
3225 29
3805 29
4768 29
4431 29
4170 29
5150 29
2350 29
6464 29
5838 29
3815 29
1998 29
1331 29
749 29
393 29
5905 29
3167 29
3456 29
5779 29
1713 29
3368 29
2598 29
1226 29
181 29
4950 29
99 29
3359 29
4539 29
5959 29
2607 29
1717 29
5065 29
1637 29
4543 29
5089 29
3672 29
5694 29
1972 29
4461 29
2646 29
1583 29
3783 29
6480 29
1366 29
4039 29
6238 29
4986 29
4618 29
4915 29
6250 29
1430 29
3055 29
1395 29
2141 29
2099 29
5538 29
2886 29
5809 29
590 29
1598 29
2791 29
1425 29
1445 29
2938 29
664 29
6557 29
2882 29
5541 28
6278 28
3024 28
5540 28
5964 28
5729 28
6533 28
2315 28
1383 28
4118 28
884 28
1974 28
2071 28
761 28
153 28
1549 28
4355 28
3637 28
6574 28
5900 28
2056 28
5507 28
730 28
2354 28
1686 28
3644 28
1929 28
377 28
6231 28
2333 28
1066 28
2985 28
2302 28
4421 28
1026 28
5585 28
2687 28
2137 28
3905 28
5214 28
4829 28
800 28
4781 28
6793 28
831 28
4040 28
3102 28
3818 28
6676 28
212 28
3545 28
4256 28
3833 28
1461 28
3836 28
4819 28
5669 28
2855 28
124 28
282 28
1285 28
6825 28
3314 28
3851 28
5390 28
2623 28
1027 28
6731 28
5129 28
1196 28
1150 28
3289 28
5556 28
5566 28
6396 28
887 28
6727 28
985 28
4006 28
915 27
3638 27
1017 27
515 27
511 27
6730 27
5569 27
911 27
3876 27
1114 27
6778 27
1646 27
2192 27
4376 27
2216 27
623 27
1631 27
2279 27
451 27
6623 27
1975 27
3642 27
3578 27
548 27
1211 27
3335 27
5995 27
6001 27
2630 27
5290 27
5385 27
4209 27
6395 27
6027 27
1763 27
4129 27
6863 27
313 27
977 27
209 27
1337 27
2763 27
2826 27
4609 27
1841 27
956 27
5097 27
1362 27
3053 27
6277 27
6165 27
2 27
4650 27
2923 27
2932 27
343 27
322 27
4176 27
3387 27
3401 27
1235 27
2473 27
5917 27
6507 27
1246 27
2429 27
5876 27
6528 27
4135 27
2537 27
6120 26
1355 26
1431 26
6303 26
2828 26
2156 26
6691 26
5202 26
2158 26
224 26
220 26
4826 26
6311 26
5981 26
900 26
5868 26
5262 26
6519 26
5519 26
2428 26
2905 26
6167 26
3965 26
242 26
3049 26
5098 26
5562 26
3059 26
5567 26
2497 26
3140 26
3068 26
2788 26
5145 26
771 26
2221 26
3257 26
1620 26
6443 26
6397 26
4445 26
2631 26
2326 26
2251 26
3739 26
1629 26
2277 26
3710 26
2317 26
6439 26
172 26
2615 26
3361 26
2670 26
6390 26
2752 26
3793 26
5966 26
896 26
6344 26
5254 26
5146 26
3176 26
1617 26
2336 26
5649 26
1471 26
2707 26
840 26
3223 26
2551 26
1315 26
5926 26
6668 26
2347 26
4641 26
1729 26
50 26
1924 26
4901 26
4386 26
6835 26
5309 26
1728 26
927 26
5493 26
4305 26
4368 26
1828 26
1721 26
717 26
4094 26
714 26
4103 26
19 26
1923 26
1942 26
993 25
5597 25
421 25
5796 25
5994 25
3430 25
1607 25
1200 25
4250 25
4887 25
3318 25
5786 25
5903 25
6629 25
1191 25
3408 25
5736 25
5454 25
1178 25
523 25
4891 25
4041 25
6893 25
1706 25
4671 25
3881 25
2174 25
4190 25
3127 25
6648 25
5611 25
4792 25
5961 25
3678 25
6104 25
2312 25
4676 25
4467 25
1859 25
6341 25
1103 25
1716 25
159 25
618 25
5405 25
4132 25
4054 25
2906 25
4571 25
3216 25
84 25
6523 25
4700 25
2065 25
5502 25
4226 25
2692 25
5434 25
6750 25
1481 25
719 25
2222 25
142 25
3547 25
3546 25
4645 25
1218 25
4439 25
2927 25
2049 25
2902 25
4210 25
5013 25
659 25
6005 25
5292 25
701 25
1306 25
5006 25
4688 25
1558 25
6021 25
3294 25
2710 25
1388 25
791 25
6394 24
6318 24
2667 24
3674 24
5000 24
3715 24
2212 24
3275 24
6645 24
1982 24
4875 24
945 24
1039 24
1708 24
3189 24
1981 24
3829 24
1286 24
1880 24
2644 24
4725 24
3700 24
2303 24
5734 24
981 24
914 24
5976 24
4215 24
5431 24
830 24
6890 24
54 24
4504 24
5547 24
2510 24
4153 24
152 24
3662 24
5798 24
5910 24
1547 24
503 24
6469 24
3032 24
5586 24
5783 24
5030 24
4849 24
2417 24
2495 24
509 24
4983 24
4773 24
3551 24
1684 24
4857 24
5835 24
6499 24
1225 24
3511 24
6510 24
4007 24
1068 24
1203 24
3250 24
3623 24
483 24
6293 24
161 24
5772 24
3069 24
3906 24
1784 24
5273 24
3879 24
5182 24
1659 24
291 24
1660 24
3377 24
4744 24
6774 24
5429 23
1263 23
3541 23
1497 23
3356 23
5437 23
6806 23
137 23
4896 23
2461 23
1181 23
1560 23
2457 23
4813 23
1492 23
3362 23
2237 23
1894 23
1220 23
3667 23
5940 23
5929 23
4496 23
6539 23
4361 23
3436 23
4799 23
3597 23
6567 23
2381 23
2385 23
6813 23
1730 23
4541 23
940 23
1758 23
5462 23
3732 23
776 23
2634 23
4503 23
3470 23
1614 23
5866 23
625 23
4976 23
3320 23
37 23
3450 23
2053 23
2235 23
974 23
5632 23
3841 23
1421 23
4294 23
501 23
3162 23
4423 23
4389 23
230 23
3832 23
2103 23
2182 23
6353 23
4241 23
1822 23
1821 23
1063 23
4917 23
4837 23
4836 23
4668 23
6702 23
489 23
899 23
5492 23
6310 23
6312 23
1658 23
4602 23
3119 23
3 23
293 23
2851 23
1441 23
6322 23
4612 23
295 23
1390 23
5550 23
918 23
5677 23
2085 23
2713 23
469 23
2083 23
6191 23
5665 23
4076 23
822 23
5501 23
1879 23
1641 23
6208 23
4306 23
2200 23
4852 23
6043 23
5674 23
1945 22
2502 22
5853 22
5332 22
3540 22
762 22
1198 22
4031 22
2967 22
3992 22
2139 22
4138 22
6461 22
5267 22
378 22
5449 22
2957 22
5199 22
5605 22
628 22
3402 22
1807 22
1405 22
702 22
2540 22
1788 22
4164 22
2393 22
6241 22
6534 22
3954 22
3561 22
5321 22
3010 22
2980 22
4760 22
4127 22
3484 22
3016 22
1680 22
712 22
3017 22
4157 22
1098 22
2877 22
1229 22
814 22
6155 22
4123 22
385 22
907 22
64 22
3921 22
1202 22
2373 22
5201 22
2079 22
272 22
5410 22
2671 22
5188 22
969 22
4447 22
3181 22
6634 22
5179 22
5646 22
6348 22
5458 22
3830 22
3705 22
4090 22
4935 22
5481 22
2301 22
4542 22
4249 22
5231 22
1338 22
5709 22
3816 22
3191 22
1304 22
5682 22
6028 22
1145 22
4707 22
2677 22
326 22
4960 22
5071 22
1328 22
4718 22
2224 22
3787 22
6044 22
2197 22
5247 22
6368 22
4798 22
231 22
3128 22
2766 22
105 22
5407 22
963 22
697 22
5361 22
4540 22
2827 22
6849 22
1973 22
5969 22
177 22
6807 22
4456 22
4309 21
3393 21
3487 21
2482 21
1525 21
2477 21
1503 21
144 21
649 21
4554 21
6137 21
274 21
6198 21
638 21
5210 21
5312 21
5339 21
4227 21
722 21
5855 21
641 21
6425 21
165 21
6389 21
4714 21
3400 21
2939 21
6194 21
6426 21
4615 21
2914 21
3098 21
1363 21
3323 21
715 21
563 21
5104 21
6105 21
5884 21
836 21
928 21
3342 21
3033 21
1515 21
1339 21
1790 21
4345 21
303 21
1511 21
3165 21
6143 21
4341 21
4499 21
1370 21
16 21
4304 21
861 21
4327 21
4151 21
3118 21
6409 21
1508 21
3360 21
5288 21
4166 21
1754 21
6267 21
4925 21
2442 21
6547 21
1080 21
3961 21
2040 21
1102 21
3575 21
4128 21
5242 21
5537 21
416 21
5689 21
5629 21
746 21
2177 21
4010 21
5817 21
3766 21
6649 21
2246 21
3771 21
4112 21
2166 21
5581 21
4864 21
113 21
5222 21
2113 21
2195 21
4782 21
6654 21
6795 21
5778 21
418 21
5590 21
1636 21
2284 21
1999 21
5644 21
411 21
2258 21
1122 21
1073 21
3529 21
2438 21
6752 21
1628 21
4089 21
747 21
6783 21
1590 21
5512 21
4359 21
6522 21
2152 20
1156 20
4287 20
2651 20
6324 20
1023 20
2593 20
6823 20
5394 20
3277 20
2254 20
2262 20
201 20
792 20
2293 20
3326 20
4195 20
3731 20
6698 20
4325 20
1378 20
4175 20
6270 20
5618 20
1033 20
2781 20
1534 20
4065 20
1848 20
3664 20
6316 20
2850 20
3315 20
5620 20
3213 20
4457 20
5698 20
353 20
757 20
5999 20
1278 20
3061 20
2668 20
6631 20
1490 20
2629 20
3252 20
2147 20
5276 20
5603 20
5954 20
4969 20
4277 20
6637 20
2823 20
6592 20
5680 20
3248 20
3800 20
1320 20
1793 20
1799 20
2507 20
1244 20
3813 20
4399 20
2989 20
3192 20
5800 20
706 20
1644 20
123 20
2038 20
6735 20
2898 20
2532 20
5652 20
6538 20
1698 20
5116 20
6679 20
3518 20
1456 20
6091 20
479 20
4491 20
1074 20
409 20
254 20
1566 20
302 20
3987 20
43 20
5270 20
804 20
818 20
1761 20
2035 20
3418 20
1610 20
2776 20
6254 20
3206 20
3207 20
6375 20
3432 20
3007 20
1883 20
4062 20
4115 20
6166 20
2541 20
3097 19
2736 19
2735 19
5164 19
6696 19
6677 19
1451 19
572 19
2744 19
6787 19
1111 19
916 19
6016 19
5362 19
6094 19
2208 19
5626 19
5638 19
454 19
219 19
6373 19
3155 19
5086 19
1319 19
5633 19
2643 19
3149 19
733 19
2731 19
1895 19
1714 19
1330 19
4070 19
5251 19
5473 19
4690 19
6384 19
3195 19
191 19
10 19
206 19
4670 19
4702 19
1489 19
3775 19
2236 19
3188 19
1151 19
5161 19
1301 19
315 19
1986 19
3867 19
3099 19
4427 19
6646 19
2787 19
946 19
2727 19
6116 19
5687 19
751 19
2723 19
4428 19
3148 19
2875 19
4486 19
705 19
3931 19
1531 19
5761 19
2937 19
6580 19
6283 19
5936 19
665 19
1020 19
5228 19
5756 19
5450 19
146 19
2480 19
1830 19
6176 19
3910 19
3496 19
1533 19
6402 19
1687 19
2536 19
4922 19
2918 19
1243 19
3573 19
4847 19
1948 19
3978 19
6482 19
6565 19
5413 19
4165 19
29 19
5126 19
3949 19
6257 19
4846 19
2075 19
2924 19
5109 19
3920 19
5428 19
182 19
3336 19
802 19
496 19
3333 19
5338 19
400 19
3524 19
3325 19
2283 19
6804 19
5340 19
1756 19
6127 19
5389 19
856 19
2628 19
2819 19
4871 19
6404 19
6503 19
2987 19
1624 19
4729 19
6596 19
5745 19
4184 19
876 19
6511 19
2602 19
2323 19
1410 19
5261 19
1175 19
3669 19
1839 19
1411 18
6687 18
1689 18
741 18
1696 18
2940 18
1408 18
1119 18
651 18
73 18
1072 18
5111 18
6100 18
5083 18
2070 18
3145 18
6096 18
5305 18
5296 18
2039 18
2847 18
2853 18
1779 18
4283 18
721 18
2165 18
3863 18
1851 18
2802 18
2807 18
2992 18
5606 18
4610 18
288 18
3890 18
488 18
4607 18
1055 18
484 18
5329 18
3039 18
4869 18
5327 18
1392 18
2091 18
6239 18
5627 18
1117 18
245 18
5319 18
1794 18
5140 18
2106 18
5560 18
1381 18
4024 18
4843 18
4320 18
2784 18
4970 18
3895 18
844 18
3150 18
3399 18
4177 18
1528 18
6442 18
4527 18
1727 18
2571 18
3406 18
422 18
5767 18
4362 18
6459 18
4351 18
1926 18
2550 18
171 18
5061 18
686 18
427 18
1021 18
5634 18
6420 18
999 18
727 18
358 18
6593 18
1915 18
6417 18
6842 18
435 18
4458 18
6594 18
423 18
3614 18
562 18
1563 18
3478 18
6524 18
4482 18
3557 18
5819 18
2488 18
5826 18
5780 18
410 18
3504 18
3532 18
5847 18
2452 18
5842 18
4148 18
129 18
5425 18
390 18
5444 18
2398 18
4478 18
4356 18
4780 18
1738 18
5888 18
2389 18
2387 18
2530 18
386 18
3599 18
1742 18
440 18
1735 18
943 18
6641 18
4380 18
6363 18
3290 18
2722 18
530 18
5696 18
2250 18
4716 18
2662 18
1634 18
4061 18
6671 18
782 18
624 18
4572 18
3762 18
1147 18
2698 18
5375 18
4225 18
6038 18
1767 18
4437 18
2217 18
3227 18
5076 18
3287 18
4069 18
6077 18
3822 18
2273 18
3711 18
5483 18
210 18
1164 18
5710 18
6624 18
5166 18
3177 18
337 18
2179 18
2697 17
1862 17
6474 17
131 17
2012 17
2462 17
4750 17
6665 17
2439 17
1649 17
247 17
2765 17
4906 17
2496 17
5031 17
716 17
2416 17
4903 17
1947 17
6369 17
1801 17
1938 17
4954 17
2506 17
4997 17
2050 17
6816 17
2513 17
2916 17
4755 17
2515 17
18 17
4651 17
2517 17
4929 17
798 17
6632 17
743 17
2126 17
6424 17
2635 17
6704 17
2324 17
4664 17
2140 17
6840 17
4 17
1757 17
1682 17
1510 17
4831 17
6856 17
96 17
2845 17
6805 17
7 17
1514 17
2297 17
92 17
2330 17
2856 17
6725 17
5067 17
6554 17
6561 17
1956 17
2549 17
2620 17
1440 17
6729 17
2553 17
6203 17
52 17
2239 17
2346 17
760 17
6812 17
698 17
107 17
4656 17
6274 17
2568 17
1657 17
47 17
6591 17
3062 17
3471 17
6108 17
4003 17
3397 17
4598 17
5508 17
5216 17
3113 17
6113 17
5524 17
4027 17
4398 17
6103 17
5930 17
5265 17
5544 17
5933 17
417 17
4390 17
5804 17
1335 17
877 17
405 17
406 17
1025 17
286 17
5212 17
533 17
4087 17
3067 17
5486 17
6132 17
3415 17
4370 17
615 17
289 17
6128 17
4522 17
5258 17
6071 17
6149 17
4550 17
3733 17
6025 17
6022 17
3265 17
1166 17
424 17
5984 17
1184 17
323 17
3296 17
1293 17
1183 17
885 17
1176 17
3675 17
4460 17
5693 17
1152 17
5612 17
4574 17
3884 17
1110 17
480 17
4475 17
5625 17
3857 17
368 17
3810 17
457 17
3790 17
5672 17
3779 17
3228 17
4471 17
5240 17
5685 17
6147 17
5266 17
573 17
546 17
3455 17
3505 17
5355 17
5363 17
575 17
5351 17
958 17
957 17
4348 17
4183 17
972 17
1394 17
1004 17
655 17
5397 17
4288 17
824 17
6196 17
4621 17
6174 17
2986 17
6152 17
5865 17
115 16
4692 16
2211 16
2151 16
3792 16
2359 16
1107 16
2376 16
6669 16
5148 16
3224 16
3363 16
4752 16
3226 16
6217 16
5153 16
837 16
2739 16
6647 16
1192 16
4573 16
6372 16
839 16
898 16
5369 16
2911 16
2505 16
5204 16
5623 16
17 16
6175 16
1870 16
3855 16
178 16
897 16
5630 16
3198 16
6185 16
763 16
473 16
3817 16
696 16
2194 16
6230 16
403 16
1483 16
3641 16
5229 16
4800 16
446 16
6014 16
6013 16
3288 16
6212 16
190 16
1172 16
1234 16
94 16
1247 16
4282 16
6406 16
5730 16
3689 16
5737 16
1236 16
1815 16
3312 16
5996 16
2320 16
5986 16
2281 16
5762 16
1858 16
3340 16
2241 16
1486 16
2969 16
3746 16
2866 16
2675 16
3745 16
3249 16
5860 16
1309 16
85 16
3256 16
2351 16
1159 16
3720 16
4278 16
5068 16
3269 16
2935 16
6020 16
4557 16
2272 16
5766 16
2248 16
6706 16
4476 16
2066 16
6129 16
2453 16
1920 16
4038 16
2020 16
6768 16
2408 16
2029 16
4973 16
4741 16
2812 16
1536 16
4017 16
6121 16
1347 16
6445 16
6753 16
674 16
294 16
6249 16
5927 16
3398 16
1255 16
6260 16
376 16
6786 16
5046 16
34 16
6285 16
3040 16
6513 16
1961 16
1964 16
5277 16
381 16
408 16
2445 16
2844 16
1047 16
4167 16
5460 16
384 16
6833 16
5465 16
5467 16
413 16
6161 16
6791 16
1045 16
1075 16
1067 16
4525 16
2570 16
371 16
805 16
6240 16
5793 16
6740 16
2996 16
5028 16
2770 16
6549 16
4401 16
3590 16
3451 16
139 16
6092 16
4944 16
3143 16
506 16
668 16
2760 16
3586 16
6441 16
1527 16
6433 16
4213 16
6326 16
4594 16
1668 16
2464 16
2073 16
768 16
5521 16
118 16
3666 16
1683 16
1904 16
835 16
2466 16
3449 16
2778 16
6712 16
1602 15
5037 15
1559 15
3531 15
121 15
5784 15
5844 15
2443 15
3548 15
4462 15
5797 15
5795 15
3570 15
2476 15
2475 15
6207 15
4469 15
135 15
3579 15
125 15
3629 15
6579 15
6505 15
1227 15
3568 15
5807 15
1612 15
415 15
3609 15
5749 15
4642 15
3668 15
921 15
5427 15
5438 15
5443 15
711 15
1012 15
1960 15
732 15
1968 15
1722 15
1970 15
5453 15
41 15
2041 15
5472 15
4382 15
45 15
5484 15
5489 15
521 15
6766 15
2025 15
1061 15
5497 15
4019 15
4158 15
4163 15
552 15
558 15
1818 15
4918 15
4290 15
1835 15
5334 15
1783 15
1852 15
578 15
6886 15
13 15
1768 15
4235 15
4234 15
1765 15
1891 15
4223 15
4221 15
5291 15
567 15
565 15
612 15
5398 15
5399 15
5498 15
2044 15
1174 15
2244 15
6692 15
6685 15
2180 15
5640 15
4432 15
462 15
6655 15
4435 15
82 15
2230 15
3763 15
2261 15
5503 15
3728 15
6630 15
5713 15
6628 15
2276 15
3709 15
3706 15
754 15
2296 15
3698 15
5724 15
2160 15
2145 15
4415 15
4412 15
1071 15
2058 15
2059 15
2067 15
5268 15
3969 15
5542 15
4400 15
6733 15
4404 15
3945 15
3942 15
6728 15
4984 15
1678 15
5588 15
3922 15
3919 15
2121 15
4411 15
499 15
1669 15
1667 15
3862 15
4315 15
810 15
2995 15
4689 15
5060 15
2587 15
1322 15
3380 15
5093 15
656 15
2988 15
2839 15
2840 15
3208 15
3072 15
5948 15
6056 15
1326 15
3392 15
2896 15
6126 15
2741 15
5047 15
3086 15
2972 15
2821 15
6354 15
2730 15
5059 15
2913 15
1537 15
5132 15
829 15
4576 15
2648 15
3221 15
6379 15
305 15
1494 15
823 15
279 15
2860 15
1292 15
6262 15
817 15
6011 15
2618 15
2636 15
850 15
1380 15
1299 15
3278 15
1498 15
3328 15
1310 15
2849 15
4728 15
5962 15
2603 15
5968 15
6169 15
3345 15
6245 15
6140 15
5160 15
283 15
5154 15
6410 15
6292 15
1386 15
6385 15
5078 15
3280 15
4510 15
2777 15
1341 15
3152 15
223 15
2810 15
2512 15
5133 15
1404 15
5144 15
5080 15
4682 15
3105 15
808 15
5044 15
3147 15
5107 15
2525 15
3144 15
2804 15
2962 15
3135 15
2803 15
2516 15
6327 15
3104 15
5912 15
3108 15
2509 15
1462 15
257 15
834 15
704 14
3110 14
1149 14
5436 14
1944 14
59 14
460 14
3232 14
4392 14
2051 14
333 14
2799 14
3765 14
6382 14
1734 14
3962 14
3958 14
3777 14
6627 14
5673 14
6739 14
2063 14
5717 14
5530 14
3751 14
731 14
2797 14
2077 14
4619 14
5505 14
6286 14
925 14
1014 14
4121 14
4449 14
3253 14
2859 14
2253 14
4855 14
1165 14
280 14
3737 14
83 14
2080 14
2672 14
4982 14
4620 14
5441 14
3974 14
1427 14
6032 14
1314 14
4616 14
4025 14
6335 14
4816 14
4102 14
6693 14
6694 14
3183 14
3182 14
5255 14
2120 14
4383 14
4840 14
2123 14
1673 14
5617 14
636 14
1108 14
3880 14
1459 14
2824 14
3179 14
4872 14
6699 14
290 14
4032 14
6762 14
3161 14
3087 14
5091 14
4582 14
5259 14
3089 14
4388 14
3074 14
1332 14
2117 14
3798 14
5451 14
538 14
1065 14
1665 14
2214 14
4405 14
666 14
1638 14
1438 14
4845 14
5246 14
3797 14
2105 14
1474 14
2721 14
1134 14
4964 14
1993 14
2755 14
1132 14
2042 14
6059 14
4060 14
233 14
5642 14
474 14
2717 14
3928 14
3466 14
6272 14
5433 14
4902 14
6872 14
5368 14
3407 14
4481 14
3409 14
2415 14
3411 14
5367 14
4739 14
3414 14
1866 14
3544 14
4516 14
2970 14
2430 14
4770 14
5052 14
3572 14
967 14
6236 14
4229 14
6560 14
4732 14
1604 14
2588 14
570 14
6550 14
4528 14
1210 14
6440 14
3388 14
764 14
2910 14
4237 14
2402 14
1876 14
4515 14
133 14
3376 14
2486 14
4289 14
3495 14
3457 14
3493 14
595 14
1826 14
4638 14
2490 14
4507 14
6478 14
263 14
3480 14
4501 14
2499 14
3460 14
680 14
591 14
682 14
4514 14
4765 14
3530 14
4746 14
6888 14
1856 14
3521 14
4513 14
6509 14
5295 14
1842 14
154 14
1576 14
1847 14
1574 14
1223 14
2966 14
5852 14
6563 14
685 14
1442 14
1506 14
3019 14
114 14
3352 14
433 14
775 14
2895 14
5284 14
111 14
4790 14
6412 14
2611 14
4893 14
1908 14
3686 14
2310 14
3330 14
2616 14
553 14
26 14
5406 14
3657 14
1509 14
3612 14
1916 14
1284 14
2322 14
3013 14
6163 14
2319 14
614 14
5223 14
2358 14
1006 14
6827 14
6614 14
4217 14
1897 14
2295 14
5421 14
6859 14
5219 14
3292 14
6609 14
4214 14
5021 14
5124 14
588 13
6187 13
5313 13
953 13
6323 13
5500 13
4119 13
6159 13
5510 13
5349 13
5105 13
4310 13
6289 13
4179 13
4882 13
4600 13
5317 13
1931 13
3021 13
1789 13
5303 13
519 13
598 13
5318 13
4975 13
1817 13
4927 13
3023 13
5301 13
4323 13
4141 13
269 13
2933 13
5298 13
1701 13
6797 13
4647 13
532 13
5306 13
2908 13
6821 13
6788 13
4381 13
978 13
1709 13
5118 13
6298 13
2835 13
1899 13
4379 13
1877 13
1997 13
3064 13
3065 13
4898 13
2837 13
5121 13
42 13
1889 13
4071 13
1029 13
4218 13
2831 13
1759 13
2034 13
1860 13
1413 13
1963 13
6122 13
3091 13
520 13
1918 13
713 13
3042 13
2888 13
5279 13
292 13
1724 13
2009 13
6247 13
970 13
6773 13
6168 13
522 13
609 13
5117 13
2982 13
4107 13
4365 13
654 13
2925 13
1109 13
2792 13
2360 13
104 13
5751 13
6587 13
759 13
3337 13
6583 13
3646 13
3635 13
2349 13
179 13
2361 13
3663 13
6569 13
5218 13
3371 13
5775 13
420 13
1201 13
865 13
3383 13
3592 13
5934 13
431 13
5990 13
2575 13
5232 13
3255 13
5707 13
6026 13
197 13
3268 13
2265 13
4450 13
3270 13
5712 13
2282 13
1502 13
4724 13
755 13
6615 13
5719 13
6012 13
886 13
3304 13
100 13
3306 13
3307 13
3673 13
4477 13
5801 13
3734 13
5861 13
770 13
399 13
141 13
2472 13
5858 13
1565 13
637 13
6477 13
2481 13
1230 13
6491 13
5898 13
4493 13
1232 13
389 13
6485 13
6484 13
3481 13
3475 13
5040 13
6481 13
3462 13
5203 13
5850 13
2569 13
2424 13
6447 13
6540 13
3404 13
6532 13
6530 13
130 13
5816 13
5821 13
1540 13
4517 13
2542 13
3512 13
6514 13
4487 13
4767 13
3525 13
767 13
1579 13
635 13
4764 13
5846 13
2531 13
2257 13
4802 13
3596 13
3136 13
2189 13
2110 13
3203 13
2193 13
5655 13
5614 13
6703 13
4406 13
2201 13
4578 13
81 13
3795 13
2206 13
4818 13
6657 13
5568 13
2187 13
4985 13
1327 13
3918 13
2725 13
1115 13
1458 13
6710 13
6365 13
3156 13
2747 13
3872 13
2753 13
3839 13
3838 13
2714 13
5645 13
5595 13
300 13
3767 13
4593 13
1635 13
5529 13
3977 13
6040 13
5139 13
459 13
319 13
6072 13
320 13
3981 13
833 13
5520 13
3892 13
5704 13
3126 13
2750 13
5073 13
6652 13
6332 13
3210 13
4817 13
4418 13
4678 13
3904 13
4436 13
1136 13
3134 13
3966 13
2223 13
3891 13
1670 12
1545 12
1100 12
947 12
156 12
1336 12
1588 12
657 12
965 12
1222 12
516 12
1800 12
1561 12
597 12
596 12
1792 12
1450 12
1697 12
1402 12
265 12
1699 12
221 12
1676 12
1095 12
589 12
819 12
924 12
12 12
1690 12
1179 12
758 12
1321 12
1626 12
531 12
554 12
436 12
799 12
1294 12
851 12
1139 12
203 12
1397 12
627 12
1167 12
778 12
1300 12
317 12
193 12
1162 12
693 12
86 12
455 12
1018 12
613 12
466 12
1472 12
880 12
229 12
414 12
1661 12
310 12
1209 12
250 12
1333 12
1054 12
1469 12
481 12
539 12
169 12
1603 12
1269 12
1415 12
1118 12
1609 12
1710 12
616 12
718 12
1323 12
1189 12
1281 12
207 12
6906 12
4219 12
5532 12
5411 12
5424 12
2929 12
5504 12
2846 12
2842 12
5509 12
5526 12
6770 12
5563 12
5401 12
2767 12
2754 12
5610 12
5641 12
2733 12
2724 12
6782 12
6801 12
2691 12
2974 12
6526 12
3242 12
3081 12
3217 12
3204 12
5249 12
3190 12
3169 12
3163 12
3112 12
5302 12
3090 12
3075 12
3000 12
5323 12
5330 12
5346 12
5358 12
5372 12
3014 12
3006 12
5395 12
3001 12
2690 12
5664 12
2660 12
5899 12
2489 12
2485 12
2483 12
6492 12
2459 12
5864 12
2455 12
2448 12
5892 12
5906 12
2659 12
2435 12
5916 12
2401 12
5931 12
5938 12
2377 12
2374 12
2357 12
2343 12
5849 12
6493 12
2514 12
2519 12
5714 12
2649 12
2647 12
5718 12
5720 12
5723 12
2621 12
5728 12
5744 12
2579 12
5752 12
2574 12
2573 12
5753 12
5771 12
5803 12
5820 12
5830 12
2521 12
5217 12
5206 12
2338 12
4673 12
6653 12
4566 12
3888 12
4603 12
3871 12
3868 12
6577 12
4659 12
6673 12
3820 12
4548 12
3804 12
3801 12
4699 12
4710 12
3768 12
4717 12
4719 12
3747 12
4730 12
6650 12
4547 12
3251 12
4088 12
4211 12
4208 12
4265 12
4279 12
6610 12
4108 12
6612 12
4338 12
4091 12
4346 12
3943 12
4064 12
4366 12
4374 12
4047 12
4001 12
4000 12
4536 12
3960 12
3959 12
4733 12
4743 12
4748 12
3324 12
6555 12
5019 12
5033 12
5041 12
5054 12
3357 12
5081 12
5095 12
5101 12
3321 12
3722 12
5108 12
5110 12
5123 12
3298 12
3291 12
5141 12
5152 12
5165 12
5196 12
4996 12
6724 12
3469 12
3476 12
4766 12
4787 12
3690 12
3661 12
3648 12
3647 12
3643 12
4832 12
3621 12
4877 12
3565 12
4889 12
4916 12
4940 12
4952 12
3491 12
3490 12
4971 12
4980 12
2340 12
2977 12
6320 12
6411 12
6215 12
5983 12
6427 12
1979 12
6124 12
2240 12
6138 12
6019 12
6876 12
2114 12
1969 12
6233 12
6234 12
6408 12
1823 12
6882 12
6294 12
1950 12
6033 12
1909 12
2109 12
1836 12
6400 12
1937 12
6063 12
6131 12
1943 12
6858 12
6075 12
6418 12
2122 12
6457 12
2134 12
6189 12
6111 12
2010 12
1902 12
2124 12
6087 12
6431 12
6095 12
6076 12
2060 12
1814 12
6895 12
1224 11
4897 11
4870 11
6275 11
4868 11
74 11
3619 11
5001 11
4988 11
1195 11
3622 11
5002 11
3631 11
6313 11
5005 11
3443 11
6456 11
6452 11
6700 11
65 11
70 11
729 11
4947 11
3576 11
1744 11
4879 11
6300 11
1233 11
3509 11
1741 11
703 11
1925 11
3601 11
162 11
6301 11
6553 11
681 11
1252 11
3186 11
5211 11
1994 11
1313 11
5215 11
6545 11
3218 11
6875 11
3200 11
3199 11
3197 11
2003 11
5264 11
5008 11
5274 11
58 11
3114 11
6748 11
3085 11
1353 11
2027 11
601 11
600 11
1357 11
3076 11
1983 11
3262 11
5195 11
3266 11
1254 11
5018 11
3439 11
3428 11
1261 11
6273 11
3427 11
1265 11
3382 11
1272 11
3373 11
5056 11
1279 11
1957 11
3338 11
160 11
660 11
3309 11
3303 11
3302 11
6229 11
5975 11
1718 11
1910 11
3274 11
3654 11
4015 11
4344 11
4067 11
4360 11
6419 11
4363 11
917 11
1044 11
4378 11
4403 11
6625 11
1059 11
1062 11
4013 11
188 11
4464 11
1791 11
1829 11
87 11
4506 11
3957 11
859 11
6639 11
6642 11
1085 11
6578 11
1834 11
6599 11
4081 11
6428 11
4100 11
986 11
166 11
6446 11
1811 11
4242 11
4193 11
6437 11
4182 11
93 11
4267 11
4156 11
1803 11
4134 11
4292 11
4308 11
98 11
4124 11
4122 11
4331 11
4334 11
4110 11
944 11
4336 11
1819 11
173 11
854 11
852 11
4814 11
1157 11
4696 11
6381 11
3781 11
6371 11
1143 11
6362 11
4712 11
6358 11
6349 11
1892 11
214 11
6340 11
3726 11
3927 11
1160 11
3725 11
4751 11
3719 11
6535 11
4788 11
3699 11
3685 11
3679 11
4806 11
164 11
3658 11
4694 11
199 11
803 11
1130 11
3926 11
843 11
6398 11
6667 11
1781 11
4567 11
4587 11
4595 11
832 11
1846 11
4606 11
3875 11
5 11
6670 11
1777 11
4626 11
1857 11
3853 11
3848 11
4655 11
195 11
4667 11
6678 11
1864 11
806 11
1360 11
4222 11
6810 11
5636 11
1455 11
6868 11
331 11
1457 11
6497 11
485 11
330 11
2487 11
6023 11
2491 11
2526 11
6494 11
6024 11
1672 11
1557 11
6780 11
299 11
2203 11
6030 11
2190 11
2474 11
5859 11
5598 11
5596 11
6502 11
6501 11
2463 11
2857 11
517 11
2843 11
2096 11
2818 11
5515 11
1570 11
6123 11
6462 11
5533 11
5539 11
5554 11
2112 11
2465 11
5570 11
1568 11
6034 11
5827 11
5456 11
430 11
450 11
1499 11
5715 11
2148 11
2645 11
2639 11
1653 11
6073 11
2578 11
6066 11
2535 11
2583 11
2625 11
2622 11
2163 11
1512 11
432 11
2167 11
5732 11
439 11
2567 11
2661 11
5700 11
6060 11
301 11
5650 11
6830 11
1478 11
5654 11
2132 11
1648 11
2133 11
467 11
419 11
5661 11
1485 11
6045 11
3057 11
2555 11
2556 11
2669 11
5692 11
2565 11
5463 11
5527 11
561 11
2068 11
2976 11
5403 11
2425 11
383 11
577 11
2316 11
2434 11
4228 11
2371 11
5357 11
2069 11
5939 11
5946 11
2952 11
6472 11
2981 11
2327 11
2306 11
372 11
2054 11
6162 11
2382 11
366 11
1385 11
6153 11
148 11
6146 11
5371 11
6751 11
5370 11
2314 11
6145 11
53 11
1382 11
6763 11
2454 11
594 11
1578 11
2922 11
5871 11
6512 11
2899 11
2329 11
5325 11
5953 11
3048 11
5872 11
6018 11
2948 11
5949 11
5750 10
5777 10
5748 10
6450 10
6069 10
5770 10
5742 10
5942 10
4232 10
4564 10
4316 10
4614 10
4653 10
5768 10
4233 10
428 10
5947 10
6604 10
6476 10
964 10
4240 10
975 10
962 10
5977 10
4652 10
4269 10
4239 10
192 10
5754 10
959 10
6602 10
6475 10
4613 10
183 10
5978 10
396 10
5901 10
5997 10
4440 10
890 10
4347 10
4349 10
4430 10
930 10
4429 10
4352 10
198 10
6010 10
6489 10
4408 10
4367 10
920 10
101 10
6413 10
1809 10
4391 10
6490 10
4372 10
4377 10
4454 10
4463 10
6036 10
5904 10
4329 10
846 10
5979 10
4558 10
5928 10
5832 10
5833 10
4373 10
5837 10
5922 10
6483 10
187 10
5908 10
4512 10
4488 10
4339 10
4484 10
4474 10
349 10
4468 10
344 10
332 10
4466 10
437 10
6184 10
4675 10
6130 10
661 10
132 10
540 10
251 10
252 10
5127 10
551 10
653 10
5417 10
5134 10
256 10
556 10
648 10
6525 10
6139 10
5102 10
537 10
6133 10
5048 10
5022 10
5496 10
5029 10
5468 10
6504 10
5045 10
6508 10
534 10
6258 10
5055 10
5058 10
243 10
244 10
669 10
5198 10
258 10
6154 10
6178 10
5352 10
266 10
5350 10
6536 10
605 10
5297 10
6186 10
6537 10
5335 10
602 10
5333 10
5331 10
6179 10
271 10
607 10
5287 10
632 10
5243 10
6531 10
5227 10
5235 10
261 10
5239 10
5374 10
5245 10
6541 10
6199 10
5364 10
5272 10
278 10
5281 10
6193 10
5506 10
5514 10
5733 10
692 10
4777 10
765 10
458 10
4789 10
4795 10
6317 10
5668 10
4797 10
465 10
4807 10
4821 10
748 10
5653 10
4830 10
6306 10
6336 10
5699 10
304 10
4711 10
4681 10
6383 10
5731 10
796 10
110 10
789 10
112 10
6339 10
5726 10
309 10
4715 10
6356 10
4720 10
4731 10
228 10
745 10
4838 10
6297 10
4946 10
5607 10
6500 10
493 10
4955 10
710 10
4966 10
487 10
5594 10
4979 10
5573 10
502 10
505 10
4990 10
4943 10
4895 10
471 10
4876 10
472 10
4841 10
5647 10
4844 10
6571 10
740 10
6305 10
482 10
4880 10
4883 10
4888 10
5635 10
5621 10
6570 10
5973 10
6449 10
1138 10
3656 10
2511 10
3740 10
1551 10
3729 10
1158 10
3718 10
3712 10
1169 10
1539 10
3683 10
1530 10
3670 10
3659 10
1526 10
2586 10
3764 10
3653 10
3640 10
6683 10
1194 10
3615 10
2596 10
1519 10
32 10
1513 10
6814 10
1505 10
3587 10
1500 10
3574 10
1556 10
2508 10
2674 10
2379 10
22 10
2209 10
2229 10
2242 10
3887 10
2264 10
1112 10
2313 10
3859 10
2332 10
1618 10
2355 10
3845 10
3844 10
2384 10
3769 10
2400 10
6853 10
2418 10
6848 10
2441 10
3788 10
2444 10
2446 10
2447 10
2449 10
2458 10
6832 10
1142 10
2469 10
2653 10
2680 10
2204 10
1387 10
2861 10
2863 10
2867 10
2883 10
1419 10
2885 10
1288 10
2942 10
3305 10
6755 10
2961 10
2973 10
3263 10
2997 10
1307 10
2813 10
3009 10
3026 10
3241 10
3027 10
3029 10
3220 10
3194 10
3193 10
3046 10
3184 10
3164 10
3159 10
3092 10
3101 10
2829 10
2805 10
6809 10
3468 10
3515 10
3514 10
39 10
6709 10
6808 10
6718 10
1228 10
1473 10
6789 10
2737 10
1464 10
6723 10
1463 10
2748 10
3465 10
3364 10
1460 10
2749 10
6746 10
1452 10
1249 10
1251 10
1253 10
2771 10
3438 10
2775 10
2790 10
2793 10
1268 10
1270 10
1640 10
3125 10
1914 10
1825 10
1984 10
1685 10
2076 10
2078 10
3996 10
3994 10
1785 10
2098 10
3983 10
2102 10
1723 10
4161 10
1967 10
1832 10
2018 10
6877 10
4098 10
1688 10
2064 10
1691 10
1775 10
1013 10
1703 10
1771 10
2014 10
4130 10
4022 10
1008 10
2047 10
4050 10
4021 10
1884 10
1995 10
1782 10
4018 10
4049 10
4011 10
4192 10
4172 10
4125 10
1760 10
4216 10
6878 10
1736 10
1955 10
4199 10
1650 10
2169 10
3933 10
1796 10
6608 10
2168 10
3947 10
1034 10
1907 10
4053 10
6860 10
2154 10
1094 10
2138 10
1810 10
2143 10
4079 10
4051 10
2146 10
1046 10
1933 10
1749 10
1901 10
1795 10
4078 10
2184 10
2798 9
2800 9
8 9
1871 9
1878 9
6342 9
1903 9
5548 9
1887 9
211 9
6495 9
2751 9
2780 9
1764 9
1454 9
2773 9
2772 9
6898 9
5602 9
6337 9
2186 9
6386 9
6422 9
6415 9
980 9
1824 9
3030 9
3035 9
1373 9
5348 9
5344 9
5341 9
1369 9
5392 9
5328 9
1820 9
3051 9
3054 9
5322 9
5315 9
1813 9
3080 9
6435 9
5373 9
1827 9
6764 9
226 9
2862 9
2864 9
5478 9
6391 9
1863 9
2889 9
6392 9
2928 9
5439 9
544 9
564 9
5426 9
550 9
6401 9
6516 9
1833 9
1396 9
2990 9
2993 9
5393 9
6900 9
5697 9
1751 9
297 9
1599 9
2407 9
6479 9
2414 9
2136 9
2421 9
2131 9
2127 9
6106 9
6114 9
367 9
6488 9
1581 9
1346 9
395 9
6125 9
5862 9
1564 9
401 9
5848 9
5935 9
6074 9
1552 9
6054 9
327 9
6035 9
1647 9
2171 9
6008 9
5991 9
340 9
2245 9
2256 9
345 9
5945 9
347 9
2266 9
6468 9
6855 9
1654 9
1616 9
1613 9
2161 9
1608 9
5836 9
407 9
475 9
5683 9
2613 9
1507 9
1977 9
6216 9
1720 9
2663 9
35 9
2198 9
1965 9
5662 9
2002 9
2682 9
2685 9
5660 9
1962 9
6242 9
6243 9
2705 9
1934 9
6779 9
5740 9
5746 9
2052 9
2566 9
2527 9
5825 9
5813 9
1543 9
2546 9
2547 9
5774 9
2043 9
6829 9
6181 9
6200 9
2037 9
2036 9
2577 9
6188 9
6873 9
1522 9
6195 9
2004 9
2591 9
574 9
1808 9
6726 9
3869 9
3419 9
4416 9
4425 9
4426 9
1262 9
4029 9
1170 9
3899 9
4580 9
838 9
888 9
4575 9
4663 9
4998 9
4008 9
4043 9
102 9
4783 9
4762 9
3331 9
6620 9
4371 9
3347 9
5085 9
1043 9
5082 9
3381 9
3349 9
5075 9
6552 9
4590 9
5063 9
4778 9
4995 9
4981 9
752 9
3564 9
864 9
3543 9
3555 9
4532 9
3972 9
4890 9
3567 9
4920 9
736 9
4544 9
3937 9
1089 9
3577 9
4551 9
4531 9
867 9
4820 9
6690 9
3655 9
881 9
1193 9
3485 9
3618 9
3486 9
4508 9
3930 9
3915 9
3924 9
4559 9
4519 9
4948 9
3513 9
663 9
3878 9
3736 9
4684 9
4654 9
4270 9
4144 9
4131 9
3215 9
4693 9
3235 9
3240 9
4322 9
948 9
3247 9
3785 9
5205 9
3258 9
1305 9
3209 9
5237 9
4697 9
3808 9
6680 9
611 9
4220 9
3811 9
5275 9
4677 9
1131 9
3178 9
5263 9
4197 9
4244 9
994 9
4252 9
3201 9
4266 9
5181 9
1137 9
784 9
941 9
3748 9
825 9
4358 9
4357 9
781 9
6573 9
6548 9
1036 9
3770 9
932 9
4343 9
3286 9
3598 9
4335 9
650 9
3773 9
3846 9
5175 9
362 8
2380 8
321 8
3856 8
318 8
2225 8
4622 8
1105 8
826 8
4660 8
2394 8
6037 8
346 8
3907 8
2368 8
348 8
4657 8
4649 8
4596 8
341 8
3894 8
2367 8
4562 8
6002 8
2243 8
4648 8
821 8
328 8
5974 8
2233 8
3115 8
3935 8
3950 8
1019 8
6360 8
1888 8
4105 8
6351 8
4104 8
4066 8
1906 8
4353 8
6307 8
1750 8
1037 8
1928 8
4059 8
236 8
6366 8
91 8
6380 8
176 8
984 8
1812 8
6436 8
4238 8
6607 8
1798 8
4251 8
4120 8
1831 8
4162 8
4154 8
4312 8
1867 8
202 8
6280 8
239 8
1949 8
6590 8
1692 8
2062 8
6141 8
4465 8
4002 8
1070 8
4490 8
4459 8
2104 8
6117 8
1671 8
4518 8
6097 8
860 8
2061 8
889 8
1953 8
1050 8
6235 8
1048 8
1049 8
4384 8
4385 8
6218 8
6598 8
6180 8
4402 8
4045 8
6595 8
4028 8
273 8
891 8
370 8
4224 8
809 8
3267 8
5619 8
3479 8
2740 8
5419 8
5637 8
3488 8
5404 8
6719 8
3271 8
2694 8
4923 8
3038 8
122 8
6568 8
5688 8
662 8
5701 8
3020 8
5711 8
3246 8
2650 8
5716 8
2746 8
5615 8
6743 8
1453 8
3343 8
5488 8
2934 8
536 8
5522 8
2811 8
3372 8
5447 8
2945 8
507 8
3417 8
5440 8
3426 8
5430 8
5034 8
5591 8
6747 8
3440 8
5599 8
3441 8
3445 8
3595 8
5381 8
5248 8
5755 8
5781 8
3058 8
4698 8
5789 8
3784 8
5345 8
3196 8
1573 8
769 8
3723 8
790 8
788 8
4740 8
1148 8
3738 8
3749 8
3756 8
2560 8
3702 8
5250 8
3139 8
2612 8
4796 8
3063 8
1356 8
5923 8
3094 8
3041 8
3604 8
1041 7
3319 7
658 7
1295 7
545 7
4057 7
1746 7
6309 7
4364 7
3180 7
56 7
3311 7
1927 7
5278 7
2954 7
6430 7
1291 7
579 7
5422 7
961 7
631 7
4276 7
6393 7
1853 7
3022 7
4274 7
1868 7
5356 7
5380 7
4152 7
581 7
642 7
643 7
4072 7
1398 7
3043 7
5149 7
3281 7
2958 7
3044 7
4246 7
180 7
936 7
4077 7
630 7
3045 7
3329 7
2785 7
1954 7
6588 7
4809 7
6684 7
3603 7
2604 7
845 7
6818 7
4873 7
4553 7
2626 7
3602 7
3571 7
4545 7
4538 7
6070 7
36 7
3901 7
4805 7
2562 7
6575 7
3823 7
3843 7
380 7
6850 7
5293 7
797 7
2328 7
3721 7
2524 7
4608 7
2545 7
5812 7
5985 7
5811 7
528 7
725 7
3533 7
2786 7
3351 7
5494 7
909 7
6765 7
1989 7
5491 7
5477 7
6460 7
4409 7
4419 7
4530 7
4422 7
6192 7
3840 7
684 7
6871 7
492 7
3464 7
5616 7
3997 7
919 7
4965 7
4963 7
1077 7
2696 7
4529 7
4924 7
1426 7
27 6
6682 6
6576 6
6889 6
6759 6
6777 6
6559 6
6845 6
904 6
2676 6
2548 6
2538 6
1022 6
3467 6
3494 6
1966 6
5155 6
3502 6
3508 6
690 6
1711 6
728 6
2024 6
783 6
2436 6
1625 6
4643 6
1113 6
3909 6
3911 6
6314 6
895 6
903 6
4396 6
2115 6
1083 6
2170 6
4207 6
3989 6
4181 6
1739 6
1245 6
535 6
2950 6
1840 6
6281 6
2700 6
2708 6
6065 6
350 6
2796 6
5921 6
5455 6
1409 6
392 6
394 6
2609 6
4055 6
2960 6
1391 6
476 6
5459 6
5479 6
5608 6
2601 6
1260 6
2729 5
2693 5
3463 5
6794 5
6640 5
2709 5
3606 5
3948 5
2734 5
2468 5
3482 5
1437 5
2830 5
2432 5
3617 5
3111 5
3473 5
3932 5
4111 5
1932 5
5069 5
5282 5
608 5
606 5
1015 5
5396 5
143 5
785 5
5857 5
5873 5
1855 5
6118 5
6458 5
259 5
14 5
4407 5
794 5
937 5
875 5
863 5
4704 5
995 5
1976 4
3083 4
968 4
6467 4
5958 4
1762 4
4033 4
5918 4
2681 4
6302 4
6899 4
6582 4
5452 4
5402 4
2045 4
568 4
2207 4
3834 4
816 4
3492 4
1592 4
5131 4
6202 4
6897 3
2664 3
1905 3
1917 3
1737 3
1 3
949 3
2852 3
4911 3
2892 3
4967 3
3459 3
3824 3
5609 3
4999 3
5416 2
5324 2
491 2
5480 2
4537 2
5919 2
363 2
6902 2
4850 2
2688 2
2666 2
3158 2
4245 2
3842 2
1596 2
1171 2
3607 2
2159 2
1213 2
6737 2
2637 1
234 1
249 1
1584 1
5839 1
3628 1
633 1
196 1
